1
 8 0 0 0 0 0 0
 0 0.02 1497.9 1498.08 1.99989 0.979636 0.979636 nan nan nan nan nan nan 0 0 0
1
 12 0 0 0 0 0 0
 0 0.02 1497.9 0 1.99989 0.979636 0.979636 0.00763726 0.00763726 5.22022 1.60206 -7.51579 8.26064 0 0 0
1
 8 0 0 0 0 0 0
 0 0.02 1497.9 1498.08 1.99989 0.979636 0.979636 nan nan nan nan nan nan 0 0 0
1
 12 0 0 0 0 0 0
 0 0.02 1497.9 0 1.99989 0.979636 0.979636 0.00763726 0.00763726 5.22022 1.60206 -7.51579 8.26064 0 0 0
1
 8 0 0 0 0 0 0
 0 0.02 1497.9 1498.08 1.99989 0.979636 0.979636 nan nan nan nan nan nan 0 0 0
1
 12 0 0 0 0 0 0
 0 0.02 1497.9 0 1.99989 0.979636 0.979636 0.00763726 0.00763726 5.22022 1.60206 -7.51579 8.26064 0 0 0
1
 8 0 0 0 0 0 0
 0 0.02 1497.9 1498.08 1.99989 0.979636 0.979636 nan nan nan nan nan nan 0 0 0
1
 12 0 0 0 0 0 0
 0 0.02 1497.9 0 1.99989 0.979636 0.979636 0.00763726 0.00763726 5.22022 1.60206 -7.51579 8.26064 0 0 0
1
 8 0 0 0 0 0 0
 0 0.02 1497.9 1498.08 1.99989 0.979636 0.979636 nan nan nan nan nan nan 0 0 0
1
 12 0 0 0 0 0 0
 0 0.02 1497.9 0 1.99989 0.979636 0.979636 0.00763726 0.00763726 5.22022 1.60206 -7.51579 8.26064 0 0 0
